# oST version 5.0 parameters


[image]

width
1280

height
960

[narrow_stereo]

camera matrix
984.124027 0.000000 669.882264
0.000000 982.947738 491.551337
0.000000 0.000000 1.000000

distortion
-0.425481 0.183579 0.001036 0.001770 0.000000

rectification
1.000000 0.000000 0.000000
0.000000 1.000000 0.000000
0.000000 0.000000 1.000000

projection
785.008606 0.000000 687.449019 0.000000
0.000000 871.982727 495.871539 0.000000
0.000000 0.000000 1.000000 0.000000

