image_width: 1280
image_height: 960
camera_name: narrow_stereo
camera_matrix:
  rows: 3
  cols: 3
  data: [984.124027, 0.000000, 669.882264, 0.000000, 982.947738, 491.551337, 0.000000, 0.000000, 1.000000]
distortion_model: plumb_bob
distortion_coefficients:
  rows: 1
  cols: 5
  data: [-0.425481, 0.183579, 0.001036, 0.001770, 0.000000]
rectification_matrix:
  rows: 3
  cols: 3
  data: [1.000000, 0.000000, 0.000000, 0.000000, 1.000000, 0.000000, 0.000000, 0.000000, 1.000000]
projection_matrix:
  rows: 3
  cols: 4
  data: [785.008606, 0.000000, 687.449019, 0.000000, 0.000000, 871.982727, 495.871539, 0.000000, 0.000000, 0.000000, 1.000000, 0.000000]
